=> creating model 'resnet18'
output: 200
=> loading checkpoint 'checkpoint_19.pth.tar'
=> loaded checkpoint 'checkpoint_19.pth.tar' (epoch 20)
58
0
0
0
115
0
158
0
168
0
0
0
140
0
13
44
36
0
0
196
4
0
184
0
0
0
0
0
0
0
0
69
189
0
0
0
0
0
0
0
0
0
0
0
42
18
0
47
0
36
7
1
1
1
3
1
9
197
1
1
1
1
1
1
1
3
1
1
1
1
43
96
4
1
1
1
1
37
3
1
1
9
1
1
51
1
1
1
1
1
1
1
1
40
125
1
1
1
1
19
122
3
2
2
4
39
2
2
126
2
37
195
39
18
43
4
194
2
19
2
3
2
195
15
3
37
39
3
93
43
2
45
2
2
3
168
2
2
2
39
16
2
185
196
2
147
2
2
4
2
2
3
5
30
10
126
4
3
5
4
3
76
2
20
39
3
39
3
3
5
3
19
152
39
46
113
3
40
3
117
7
3
190
9
44
3
5
117
10
3
2
3
3
39
3
3
0
44
15
15
52
116
4
108
2
4
197
4
2
81
8
4
96
198
4
2
7
129
4
162
4
4
4
4
4
152
4
1
69
4
147
4
2
2
3
4
10
4
4
4
4
4
4
37
93
114
4
4
4
70
3
5
185
10
151
64
Test: [ 0/40]	Time  0.979 ( 0.979)	Loss 2.1643e+00 (2.1643e+00)	Acc@1  50.00 ( 50.00)	Acc@5  75.39 ( 75.39)
Test: [10/40]	Time  0.016 ( 0.104)	Loss 2.9227e+00 (2.6647e+00)	Acc@1  39.06 ( 40.73)	Acc@5  66.02 ( 68.61)
Test: [20/40]	Time  0.016 ( 0.062)	Loss 3.0139e+00 (2.8554e+00)	Acc@1  34.38 ( 38.24)	Acc@5  64.06 ( 64.79)
Test: [30/40]	Time  0.019 ( 0.047)	Loss 2.7518e+00 (2.9212e+00)	Acc@1  39.84 ( 37.88)	Acc@5  67.19 ( 63.71)
 *   Acc@1 38.470 Acc@5 64.390
