=> creating model 'resnet18'
output: 200
=> loading checkpoint 'checkpoint_9.pth.tar'
=> loaded checkpoint 'checkpoint_9.pth.tar' (epoch 10)
0
0
0
0
115
0
79
0
168
0
0
46
80
0
13
44
177
0
174
168
139
43
2
190
0
0
0
0
0
0
0
69
113
0
16
46
41
0
0
0
0
0
0
0
45
0
0
47
0
36
195
1
4
1
1
1
1
76
44
1
95
1
1
44
1
3
1
1
1
1
1
111
10
1
1
1
44
37
1
1
1
1
1
1
11
113
1
1
1
1
1
1
1
10
44
1
1
152
1
1
16
2
2
2
84
2
1
2
64
2
15
162
152
2
37
91
4
2
4
4
52
196
195
1
3
114
3
3
134
2
2
2
2
94
6
154
2
4
2
2
4
4
14
152
2
147
3
6
4
2
2
3
3
17
79
5
4
3
1
39
40
44
4
1
3
1
54
30
30
3
3
3
162
1
46
113
3
39
89
155
4
3
6
9
44
2
5
117
14
3
2
10
3
39
3
199
18
44
16
15
52
81
10
108
2
4
4
152
14
81
8
4
162
11
4
4
22
198
4
154
4
4
1
4
4
162
4
4
46
2
147
154
4
4
152
4
10
4
1
4
197
4
19
43
94
164
4
4
4
84
3
19
94
162
77
152
Test: [ 0/40]	Time  0.857 ( 0.857)	Loss 2.2706e+00 (2.2706e+00)	Acc@1  43.75 ( 43.75)	Acc@5  73.05 ( 73.05)
Test: [10/40]	Time  0.015 ( 0.092)	Loss 3.3944e+00 (3.0394e+00)	Acc@1  32.03 ( 33.17)	Acc@5  51.17 ( 58.81)
Test: [20/40]	Time  0.015 ( 0.055)	Loss 2.8875e+00 (3.0826e+00)	Acc@1  31.25 ( 31.88)	Acc@5  58.98 ( 57.25)
Test: [30/40]	Time  0.015 ( 0.043)	Loss 2.8858e+00 (3.0755e+00)	Acc@1  27.73 ( 31.51)	Acc@5  64.06 ( 57.23)
 *   Acc@1 31.860 Acc@5 58.000
